233.03748542755505 239.47189085535823 465.90240135326803 314.61576482623013 325.6079802410042 
469.3834837028729 65.33876637491818 146.64942853122182 194.24235105476745 121.36032808780375 
163.25097649539495 29.846960658240246 338.53491311042296 444.19866243939634 419.0024580359893 
358.5648058641206 167.3472780583816 126.70788817544114 505.979669992343 231.34448894082809 
479.76449364250567 375.7705489167288 306.82426892823287 266.97913323825827 526.7518007074198 
506.93892219343695 512.4129436963073 424.9135381918545 137.10577111417916 268.6619274382066 
383.1783941163882 126.07146275285875 141.29376225837848 71.23624405047282 381.36552900380354 
320.203897864637 476.775188025813 41.575240508794266 132.81636214871088 95.8521223043944 
308.3985016466394 174.88954126052366 326.8775251766853 379.01924903779855 447.46767191509525 
404.3729351835741 513.0240502351184 416.6439446471151 103.07175766308113 159.9874925827582 
502.79324755838564 490.9702927309298 549.2714468912828 137.44142911256733 35.622362148767934 
460.9072111448106 241.73633978972376 148.4536864068788 517.183821215038 76.47155044317462 
267.4265425380852 273.3988616847743 188.8117521353514 562.4082968027614 160.9125612240571 
87.42621918449443 36.61358705669951 517.0819218513572 270.9270672404059 481.14664368247924 
98.86045624930618 322.73224456764234 610.7423849182218 146.98111248732584 180.25015503578828 
613.1890667228777 75.96733981225861 552.2646847464141 531.6364355872915 295.13883527159106 
63.357367569660575 370.1994548149271 603.8182966477146 369.0374277590928 474.23156203112313 
89.7504640546704 133.9831610590325 145.7626136663195 236.0903255673199 475.5782547408792 
373.3975381529067 205.10006871276647 226.0275014653198 299.10172516829 414.9390653519456 
192.1565799746268 29.530727363747317 111.78513503755713 529.0635126347571 97.7942875464575 
518.2636526229472 381.74301409060365 566.8007559668613 619.1796229552355 380.4238972097063 
464.75665767309914 238.37309324523747 146.54085711034588 87.27039051244464 230.7959934850928 
426.03006532076523 472.22774365478193 529.4139363739907 317.1405434311289 39.693222701556046 
468.1672375563234 506.46470981307823 129.19335870818793 474.0047099287941 327.80896702895075 
403.6303663187891 60.08145981780289 475.37351502978476 118.65423745758962 338.85875082102797 
150.13669987382747 377.61281347533856 541.4621068356397 414.11856982651904 157.35073935439877 
614.7626519071957 142.22671819008517 54.41216134490599 159.89792997016656 569.6911373120647 
173.01915581239138 168.11392726012159 361.81974662349785 367.06845290390197 247.78789007057765 
612.2280933850316 122.96463218595626 569.3070228531998 489.2115112444631 596.1597865376124 
584.2769968867751 284.06176714529784 212.69735671359368 207.5929910586543 409.5290001111628 
