298.1706165059024 128.1960012214792 376.5606770668977 102.29190731230763 478.36230739840045 
58.13543476774118 240.54194732390394 308.6649723355485 191.76023899997824 214.73681500973885 
24.922560891656943 41.99221889134674 152.01391156487807 144.7551607639822 79.0750894343694 
304.1244474024916 284.1967435642037 387.7559230969529 442.0525026038823 104.78742547394154 
14.76170358027106 500.9415099847992 420.7670591188768 476.04757306072247 200.93178079798534 
509.05719401136685 324.2055812023267 444.0838094301762 13.978281635853397 125.07938179961292 
230.63417908222138 366.46820254350814 215.84031445091384 212.38962806544197 289.7456729371632 
168.15894996331932 393.5384386843243 84.13725005443 186.70270076077344 134.40850700071815 
340.83550883105227 360.49385446996234 20.029785603544617 43.79025337295521 401.5981701628555 
229.50278539015173 470.3073022372964 49.54656996453004 214.31169013600226 82.2267419521277 
261.6206576790688 342.461646182199 422.20167554517474 117.89652587229004 42.71766659780162 
253.46207203605707 38.41546738842365 139.76420110873022 439.82733545779615 79.14832309557572 
280.71655861365196 387.36371141608953 158.09316680746971 38.46022598038195 315.14500925071934 
375.8820406586733 133.57401502817206 393.679702524467 473.09711841796957 338.3442037759587 
362.7657651390591 393.9736604814814 131.27736868546486 491.31498562825124 161.59687714866337 
324.6804369432226 68.97580170089174 469.82062993495254 230.8509073616729 70.54259900903975 
242.12401564906642 402.1937941392546 29.96917206613913 226.08960101051582 38.58274601061805 
220.54447694811395 86.1866538337539 411.3730469497991 204.114410180584 427.56053612983635 
490.95431213312554 76.25797922484827 253.49344702733367 165.3404846916716 460.60087241166343 
201.47315464150833 306.2078133261049 56.96197812878472 463.18721436780544 429.62345683949235 
411.2045985327295 416.4890571213225 38.50657885552171 284.36767062779484 50.133063952476455 
48.1210852590731 63.183613559989574 260.9645773668082 133.5379820879139 480.1868596776622 
337.82539865527673 196.3906155191195 429.4566679023949 104.68665164655776 498.17767002331516 
452.23221824316005 488.87256660719663 318.0855246076665 377.2391689034531 68.55591941478417 
257.47882323653124 384.06104060737306 70.2875478934169 171.9593585774004 188.20463528852275 
363.90840087229 79.76960943406651 46.00633208508602 293.9577503664332 85.30613519686064 
42.00925827000295 397.24900976343775 205.03615224210168 245.14559823463 162.68620106344284 
475.04040102265327 420.66201042852714 367.12724952558364 113.03850270722486 328.34026052811373 
69.09114902510449 459.82697162608014 263.74214799836403 107.71752853883176 115.75099443844633 
345.9353621955846 258.420729393889 445.7524028867773 83.86029126991261 258.3733922424684 
